425 126
217 170
210 9
415 132
329 187
287 106
355 178
181 257
326 187
386 78
270 196
405 62
242 147
527 14
380 27
353 20
331 102
202 133
421 237
199 6
411 63
332 194
194 28
292 98
460 44
435 225
441 214
331 140
12 28
287 196
250 263
223 83
498 263
280 285
294 177
466 131
227 272
271 72
282 118
276 222
348 152
290 105
260 195
88 223
126 298
177 7
283 164
15 43
503 220
168 67
98 23
285 217
359 58
358 159
175 276
254 198
296 236
278 64
297 269
459 266
293 260
201 142
56 215
427 232
38 110
14 245
502 254
407 207
292 184
532 61
79 2
505 289
380 59
225 248
50 231
271 194
12 243
502 220
282 237
448 26
283 166
225 157
364 161
472 258
438 121
216 179
243 154
420 216
477 236
270 170
349 161
441 300
238 269
301 178
496 23
296 177
222 13
447 282
275 286
503 29
473 50
285 250
201 160
351 182
457 130
194 161
231 250
330 148
210 129
393 44
1 264
255 271
190 193
372 22
144 179
111 57
112 50
221 181
18 102
372 143
318 229
224 175
190 189
195 27
282 231
178 270
327 223
283 105
63 247
327 211
255 288
415 64
473 250
234 148
237 154
492 14
217 113
327 153
517 14
459 281
421 207
262 102
375 168
184 175
290 243
414 222
322 209
252 192
350 53
307 237
215 103
191 142
441 60
440 215
273 193
195 60
248 270
101 227
309 223
334 145
436 104
418 166
220 198
284 182
439 237
90 3
403 153
190 27
93 234
202 135
394 179
312 234
192 16
198 271
407 77
277 220
357 53
491 260
209 205
435 120
221 114
21 90
421 63
271 74
197 29
192 41
416 232
229 98
287 220
107 290
383 70
395 17
388 18
187 13
201 153
499 37
96 298
205 35
314 192
498 21
170 254
70 226
528 60
373 193
415 203
284 88
398 62
504 308
344 61
507 310
456 274
202 168
288 104
433 226
395 201
513 71
162 251
269 74
295 158
31 97
437 277
210 122
251 75
305 243
351 55
486 24
433 240
266 218
441 223
189 48
264 85
40 20
295 241
526 241
423 147
65 215
415 93
408 137
112 131
238 151
228 171
283 217
421 237
496 71
105 17
176 59
468 116
362 292
216 260
376 14
209 310
479 276
367 14
297 171
508 26
197 206
341 146
492 220
401 65
425 184
493 263
211 114
332 61
451 167
437 112
274 86
103 235
195 207
498 28
199 185
436 253
60 218
259 146
91 240
176 266
271 46
370 58
106 274
279 198
98 302
210 202
453 132
465 121
503 228
435 256
410 19
416 61
441 212
197 171
321 204
186 281
330 55
250 134
434 254
61 206
229 111
185 47
186 17
248 313
198 151
91 26
390 173
283 260
55 8
370 14
102 311
180 312
41 107
443 246
437 108
396 138
519 32
482 234
114 86
369 106
407 181
274 42
206 174
195 203
319 176
98 296
364 108
383 36
491 301
175 44
533 0
382 133
368 110
92 223
485 286
66 12
174 21
257 200
365 26
399 140
495 89
179 266
435 56
507 18
340 73
493 273
393 25
190 150
352 175
178 266
16 224
99 233
255 253
456 108
406 67
526 249
274 200
0 310
278 216
213 166
280 158
80 228
211 10
285 28
206 5
437 276
417 18
182 14
428 15
319 82
396 133
67 219
427 244
259 199
420 232
470 258
70 163
490 38
142 165
407 158
26 221
328 140
214 174
303 183
311 185
415 83
113 52
369 142
479 270
480 302
433 112
387 11
348 177
208 202
198 24
212 162
428 89
445 217
332 195
492 232
194 168
388 82
270 69
108 176
91 27
364 109
175 257
295 209
210 190
218 126
174 310
108 274
281 285
275 205
317 160
99 34
377 33
193 245
410 192
389 73
434 228
361 10
500 247
463 38
202 269
226 208
290 44
211 144
408 78
218 141
381 174
501 269
531 59
296 277
196 54
507 64
263 220
417 53
315 187
404 197
202 258
430 181
36 17
104 42
229 150
313 189
364 173
303 176
479 51
351 147
98 229
440 219
35 104
255 283
53 191
111 296
281 264
292 105
231 163
456 131
128 55
457 51
174 51
408 56
458 141
94 263
210 174
447 219
49 231
192 51
309 194
257 215
458 46
231 103
352 55
315 168
313 147
296 181
192 180
190 267
177 254
484 258
369 189
234 211
214 175
219 147
452 249
365 186
444 32
384 15
512 62
345 146
331 209
236 190
316 55
141 169
476 260
317 203
414 86
227 116
263 102
279 80
81 223
503 216
514 59
438 104
513 220
67 20
63 8
230 118
440 218
444 231
315 212
248 88
97 290
247 145
173 254
353 135
63 209
226 137
93 24
462 44
137 175
56 191
44 235
334 56
287 247
274 175
292 262
44 16
364 106
247 129
192 48
36 212
47 235
373 173
333 147
15 115
274 280
227 194
30 104
301 196
452 127
231 250
285 114
223 171
274 189
437 121
258 239
107 46
373 178
210 202
437 53
53 15
272 89
509 15
461 275
316 163
101 22
207 187
188 267
424 17
366 300
60 237
259 283
280 228
221 183
423 131
234 92
265 287
254 202
311 145
224 208
16 115
237 154
288 257
301 269
173 250
420 202
274 55
330 88
340 211
373 33
289 186
279 247
321 84
181 3
240 114
181 286
456 232
233 102
465 250
423 230
427 201
285 226
105 270
297 181
451 154
158 172
40 14
290 197
104 44
218 140
283 231
204 141
199 37
527 62
81 226
489 271
26 116
408 71
313 235
512 60
336 68
106 32
292 264
330 147
417 204
175 38
355 15
62 248
420 128
386 147
286 282
385 71
327 49
204 267
491 314
415 214
320 180
444 215
208 277
401 161
251 199
103 32
132 179
285 239
443 274
397 75
316 230
239 197
210 271
282 41
282 206
290 269
472 36
141 176
29 240
408 143
488 89
382 73
190 45
476 269
189 239
254 243
337 312
434 55
180 4
81 13
83 234
395 131
120 300
420 218
511 34
253 262
440 122
198 7
221 162
215 9
272 303
245 265
371 33
382 23
0 311
214 242
101 26
274 200
492 265
110 24
245 167
275 221
466 272
158 257
241 146
298 275
486 315
178 262
69 165
187 282
511 18
278 225
211 119
494 245
303 147
353 93
54 14
458 255
526 64
280 220
405 161
263 204
395 181
257 134
228 151
211 136
444 235
289 243
406 36
3 253
289 193
423 141
470 44
416 215
409 204
402 51
298 190
221 154
146 177
264 179
92 244
266 236
345 147
280 279
393 45
260 67
203 204
428 186
208 25
472 266
390 9
234 136
471 237
206 107
201 44
373 25
399 133
344 155
411 30
207 107
272 76
260 215
230 194
51 12
220 208
394 205
211 177
333 55
407 196
303 224
137 180
210 21
303 198
277 268
238 195
226 203
369 300
194 64
202 145
243 83
390 170
92 14
428 186
235 194
178 58
6 0
270 202
218 200
46 231
433 92
190 75
107 34
433 56
441 224
285 193
54 231
303 207
500 304
195 24
450 139
496 88
465 250
494 213
438 58
296 271
55 9
86 141
210 255
227 162
160 33
28 212
420 71
224 160
197 165
424 206
293 272
92 6
275 264
28 63
462 121
206 38
36 250
371 163
516 72
430 208
472 125
185 278
47 205
283 191
415 214
460 52
412 41
365 166
445 211
416 222
184 262
201 160
261 206
442 234
319 177
54 223
209 140
461 268
276 213
504 76
299 195
485 267
275 221
298 217
215 193
301 255
528 42
343 66
193 194
381 31
413 157
521 58
195 195
218 202
174 257
413 146
474 52
206 248
344 148
328 59
307 176
40 110
331 47
507 211
413 56
286 272
159 302
167 315
280 199
414 62
509 57
381 31
527 82
229 197
289 180
504 54
208 158
401 47
410 132
337 151
396 62
422 140
213 254
321 244
144 160
400 134
274 60
270 112
80 224
255 309
113 300
482 40
177 23
59 193
497 19
243 266
478 313
305 183
231 104
270 194
404 60
421 187
285 28
323 224
428 110
179 268
409 87
412 197
106 274
441 91
450 268
368 24
272 45
407 82
404 63
208 199
191 204
250 215
204 135
381 181
177 250
209 37
110 181
334 158
141 192
35 104
512 230
191 172
111 35
210 40
363 31
211 112
90 25
374 22
264 236
502 74
328 306
18 141
439 310
221 204
454 260
204 24
96 235
244 165
214 181
172 269
187 173
383 297
396 183
357 315
194 141
181 266
362 169
413 129
21 103
510 19
211 35
443 303
99 232
283 69
146 174
509 70
312 194
455 269
532 18
168 252
144 254
280 168
411 35
387 299
200 241
286 64
495 16
285 215
385 83
15 138
395 14
393 45
267 302
205 260
324 240
517 57
366 47
295 245
319 220
197 50
505 66
351 145
191 264
438 294
216 179
295 250
172 313
53 0
43 212
225 84
208 150
100 250
327 137
83 287
432 129
215 1
273 120
47 9
384 13
494 56
317 176
263 234
417 56
419 230
486 308
199 33
52 16
367 169
371 25
367 163
441 289
278 243
214 169
517 302
354 75
101 227
321 310
241 265
412 79
410 44
308 140
407 130
390 159
59 236
30 224
312 227
440 246
237 146
218 159
256 113
306 200
137 179
182 248
277 288
255 240
268 99
427 185
194 27
250 230
189 45
262 169
246 209
197 205
233 194
421 202
213 202
95 288
196 201
103 241
192 19
309 232
325 52
212 234
463 254
506 272
429 233
212 206
424 221
450 270
423 221
422 179
397 152
286 45
200 158
38 245
270 269
440 121
204 57
160 246
228 265
255 146
382 23
293 285
192 279
257 278
96 231
307 162
45 239
198 26
52 212
228 272
312 139
268 201
522 224
57 175
377 28
420 65
380 21
421 207
360 179
198 241
444 288
419 125
308 161
203 149
11 126
354 180
273 98
237 266
257 255
107 290
274 230
106 30
447 242
289 198
504 25
199 156
21 113
446 219
283 77
356 312
289 185
210 265
392 89
315 185
318 168
441 204
449 291
328 58
216 41
216 192
318 311
190 178
147 183
314 182
445 310
265 189
184 29
303 207
530 253
288 192
289 113
405 135
198 149
315 208
481 268
195 240
428 189
337 156
296 179
437 280
211 208
218 190
410 82
96 228
300 164
231 250
437 244
322 207
45 208
435 101
239 158
297 180
271 219
398 30
164 175
300 183
317 307
45 237
24 94
48 22
451 228
65 241
475 239
147 104
275 99
206 146
98 302
214 181
56 176
295 184
215 114
45 214
46 12
183 173
243 121
346 139
101 53
135 278
290 235
372 24
376 108
384 21
273 213
464 228
276 76
480 302
274 279
215 152
58 216
313 243
239 163
134 278
490 293
10 246
289 244
9 232
27 94
403 21
263 154
433 110
186 281
117 268
435 57
178 17
302 200
278 177
427 181
144 185
417 131
190 9
377 33
219 200
242 150
80 20
222 170
435 206
50 23
441 214
199 13
236 97
252 75
205 37
192 48
309 230
444 233
289 274
195 153
290 159
187 23
305 163
71 2
203 162
432 133
507 288
344 139
453 261
299 39
63 240
128 43
212 149
237 202
58 216
128 186
441 223
195 198
404 35
160 236
192 17
441 307
210 271
37 55
287 88
165 241
519 291
512 79
398 5
258 227
220 189
478 60
290 182
347 155
281 81
398 53
180 13
372 56
394 68
391 25
175 281
502 84
499 199
419 57
489 217
244 164
232 111
258 236
237 172
27 101
180 1
293 105
391 157
3 315
358 106
105 276
201 161
168 175
214 213
30 208
441 94
509 25
259 225
353 18
198 254
179 309
532 51
435 274
244 244
116 305
269 78
263 98
386 43
267 177
488 305
165 44
205 185
323 242
522 230
203 145
526 290
288 34
473 48
209 58
299 136
441 110
219 143
194 162
508 299
120 308
277 112
204 181
404 80
207 245
211 45
400 197
494 27
80 17
238 97
298 183
312 139
498 72
174 33
239 157
205 175
201 164
35 236
98 20
506 255
415 136
392 135
49 194
304 165
312 207
263 92
316 127
413 224
270 60
407 143
184 20
388 12
248 261
158 175
263 208
294 128
373 39
349 149
1 253
293 123
379 73
507 307
328 217
211 248
480 42
407 82
204 13
206 158
478 61
279 98
454 34
328 135
81 22
303 217
343 94
202 205
205 18
397 146
468 42
205 165
183 109
379 63
453 158
443 305
307 274
403 134
484 150
252 286
75 225
269 37
14 250
466 129
469 42
387 15
522 246
13 90
260 144
440 246
221 171
338 306
424 241
58 229
372 55
203 22
375 25
285 193
312 166
244 147
409 171
423 251
187 275
425 253
308 208
122 51
292 266
262 228
475 29
281 272
354 156
238 208
354 176
516 73
185 281
84 295
247 107
368 110
448 224
192 269
238 141
362 61
302 261
506 210
279 203
330 139
161 237
105 38
233 157
414 82
2 258
209 109
301 194
196 207
261 216
229 160
290 111
414 60
480 78
101 245
286 98
198 38
313 183
280 180
435 292
45 2
298 271
291 268
271 307
153 309
304 246
161 237
258 208
187 168
310 186
174 259
423 163
281 180
369 179
32 237
209 251
465 130
478 313
293 202
40 14
299 168
477 49
503 61
271 43
388 36
215 274
296 188
319 181
281 241
321 233
56 217
131 191
308 140
490 295
101 259
19 138
382 134
212 202
118 301
235 94
238 165
200 23
410 81
509 13
307 311
473 36
95 270
287 199
319 308
165 44
305 244
482 71
201 148
503 68
237 161
191 197
311 53
394 151
135 159
402 57
208 183
510 288
449 292
98 37
317 202
98 33
304 161
361 14
408 34
188 75
182 312
390 159
15 243
261 217
81 236
342 101
393 58
49 214
281 110
184 19
404 78
83 148
293 156
29 220
384 32
329 194
256 243
279 166
296 176
472 258
508 251
294 234
179 253
347 105
195 71
60 209
281 117
203 16
293 270
518 25
449 117
252 156
263 210
301 256
472 265
14 98
414 211
195 107
211 199
180 275
32 94
222 176
370 181
273 158
512 47
297 39
465 279
294 280
503 60
387 179
372 143
296 247
401 34
177 13
218 161
193 312
501 18
489 269
20 132
492 23
512 58
212 35
410 19
194 192
110 180
196 108
493 26
196 261
34 26
438 118
41 170
232 186
191 172
273 45
180 254
275 213
484 154
312 196
419 213
416 211
204 161
269 230
210 20
215 234
491 304
411 65
309 50
206 202
255 153
278 287
275 199
61 221
244 136
484 271
212 256
191 59
421 168
183 55
252 216
273 48
103 232
269 157
204 194
232 160
199 56
200 197
242 158
300 252
224 178
101 53
407 87
165 238
466 33
533 42
255 244
107 133
203 103
440 58
195 14
262 196
409 66
392 20
17 42
517 245
278 121
267 65
210 34
244 274
197 180
405 64
194 206
278 84
514 33
440 35
54 210
405 202
65 16
104 253
47 22
414 203
204 6
328 91
312 306
374 164
372 39
283 254
189 84
191 162
90 27
300 272
440 128
363 183
353 93
437 209
249 205
477 242
175 24
330 60
489 269
288 206
271 220
277 253
171 44
195 3
457 50
371 129
278 270
397 26
202 199
251 129
47 154
87 0
266 198
506 259
98 237
107 302
101 232
410 31
272 82
188 313
205 127
445 211
177 4
179 246
392 160
488 262
493 305
163 246
273 207
420 55
517 80
253 206
292 194
85 25
250 68
177 40
273 223
26 75
464 47
245 243
390 159
420 131
114 269
331 301
97 14
419 143
373 172
25 63
274 216
352 141
233 210
279 44
340 138
460 292
369 59
257 196
24 222
236 195
399 150
257 251
197 57
229 193
109 293
251 204
423 196
265 196
177 23
198 153
308 212
95 263
267 225
238 270
309 61
435 202
295 285
312 139
295 263
44 4
212 44
224 256
381 310
358 53
57 253
181 50
8 10
359 14
495 72
197 38
218 4
307 133
443 236
241 90
503 62
184 8
455 265
264 98
239 109
225 197
134 52
292 144
492 14
252 151
241 265
492 265
531 241
103 241
182 33
468 34
126 52
227 111
190 196
518 254
242 269
439 109
202 147
513 16
189 281
514 67
88 239
175 277
189 20
224 206
204 192
308 212
204 135
416 239
232 147
340 157
286 193
102 37
524 284
374 16
280 234
246 275
39 225
347 156
73 28
397 184
94 262
337 158
467 225
272 247
499 62
210 112
183 313
190 278
401 143
446 123
184 257
286 111
261 61
252 161
530 285
396 147
217 69
152 182
510 31
410 81
29 241
460 229
412 127
268 202
407 132
302 151
414 195
39 251
260 194
206 30
192 154
190 57
200 156
384 33
401 249
287 184
505 227
129 287
55 215
208 18
278 211
218 7
290 44
432 212
199 42
271 209
183 255
264 194
447 43
141 163
356 155
471 40
46 237
164 310
295 171
336 144
370 31
402 66
297 196
210 184
0 130
270 239
382 25
257 127
292 138
389 18
175 250
266 215
51 212
256 272
25 81
418 182
283 113
375 16
327 142
20 101
317 84
228 181
500 13
462 143
524 294
410 185
298 257
507 314
275 190
88 245
290 246
210 26
183 22
335 301
287 200
31 97
238 259
520 286
209 272
193 182
452 51
191 273
14 245
335 151
252 194
249 87
442 199
363 56
411 87
355 184
308 315
257 146
435 130
353 146
197 142
383 297
339 151
61 17
439 254
211 172
422 184
285 225
245 203
130 54
204 202
307 202
302 199
195 48
285 117
214 156
193 24
513 64
529 263
83 19
253 310
142 40
181 20
211 147
295 258
386 159
306 131
344 95
323 307
190 269
417 142
333 195
486 234
192 22
289 202
49 223
284 277
283 119
193 146
327 74
529 23
247 210
527 46
205 118
328 203
458 142
190 173
200 185
311 173
274 79
489 202
292 110
296 201
226 168
210 34
269 198
219 175
286 251
250 200
313 179
384 16
434 134
100 251
510 3
462 234
199 3
405 159
416 88
326 194
191 46
81 24
322 84
384 28
466 247
274 251
267 252
258 230
187 3
377 234
305 170
404 85
199 20
302 138
275 211
420 17
114 301
197 28
382 73
95 17
391 184
18 89
497 269
411 133
207 34
65 5
396 77
334 174
213 114
315 86
309 219
204 116
345 175
425 89
510 219
218 257
526 63
406 62
473 45
254 250
97 255
498 35
353 20
322 211
350 96
255 130
454 260
131 277
402 149
105 38
200 151
280 224
230 208
35 99
208 155
286 31
57 246
220 206
252 248
181 44
339 174
139 201
188 164
421 228
206 107
517 75
285 288
306 181
186 241
63 240
162 241
290 244
315 168
530 59
298 161
271 211
22 58
195 262
307 215
178 13
176 17
415 127
309 231
413 215
414 152
270 55
366 53
532 83
279 38
199 21
454 48
377 164
311 229
381 30
254 222
193 251
250 267
327 92
512 222
291 239
279 170
229 189
472 130
233 158
251 206
66 184
105 70
211 199
65 20
215 124
180 171
363 20
194 263
175 301
381 187
96 20
501 62
474 36
436 214
446 166
418 220
297 270
90 36
329 186
482 71
300 273
221 210
203 155
443 262
246 180
94 249
65 213
244 206
292 243
291 117
349 157
215 140
435 97
21 96
496 238
189 15
439 54
442 314
105 262
313 315
161 299
22 59
304 146
54 231
375 19
291 195
310 170
237 112
183 303
295 195
297 135
280 218
201 39
92 251
267 196
386 33
283 80
406 195
364 37
210 30
380 29
428 225
91 27
53 205
533 268
62 218
170 279
205 144
48 241
533 236
270 244
317 173
84 287
400 161
331 204
324 213
293 277
54 12
285 41
437 239
355 175
445 120
335 153
97 226
498 32
368 33
321 228
306 276
384 34
321 168
279 172
398 130
286 206
227 261
421 231
435 220
210 153
440 227
321 246
376 177
406 90
428 194
233 203
209 123
95 249
363 292
209 141
250 275
296 279
495 226
301 177
504 230
374 143
405 144
381 72
336 146
486 32
392 37
423 132
318 301
414 128
306 308
523 43
30 235
66 161
364 37
255 211
94 256
402 188
223 177
237 189
228 164
439 227
310 182
266 191
370 71
217 176
379 175
189 34
313 220
515 47
207 208
275 209
278 35
199 156
428 172
84 133
428 18
473 36
369 24
290 258
506 289
488 65
196 278
55 8
83 232
221 196
50 231
463 272
329 142
250 213
315 208
473 267
188 15
188 249
515 66
369 47
203 166
525 54
462 53
266 231
255 192
438 285
93 18
159 101
398 64
418 173
190 175
424 228
364 172
236 160
252 197
491 262
266 221
411 60
395 194
246 153
166 66
30 97
295 40
206 115
195 177
254 65
487 311
179 8
33 103
354 180
329 145
74 226
202 263
133 168
195 176
106 229
92 251
444 225
66 222
290 283
199 50
435 213
441 46
377 5
181 19
180 270
512 13
383 53
21 98
50 192
302 213
284 248
271 210
377 166
198 40
307 246
489 181
319 212
335 206
454 219
337 182
102 35
268 216
260 223
124 163
32 94
375 23
413 217
293 251
230 193
364 108
528 54
508 71
282 257
241 147
416 180
97 24
267 307
13 230
384 65
527 299
210 190
312 184
516 293
283 166
247 313
312 235
196 108
379 64
369 170
185 253
191 55
218 202
211 18
417 129
287 177
327 62
379 234
15 40
268 199
370 70
435 224
295 279
272 73
219 172
430 55
243 85
256 129
233 152
221 254
396 134
221 192
326 212
509 315
510 38
238 156
301 155
313 175
225 107
88 223
207 254
191 143
299 244
451 214
364 37
273 206
221 189
517 38
425 209
148 103
240 189
441 235
48 3
396 35
458 269
448 130
481 255
243 259
410 13
131 51
95 22
98 305
192 107
274 240
313 50
196 264
306 309
105 36
59 216
96 36
477 263
321 51
491 73
372 235
204 162
248 87
432 27
338 94
66 212
205 30
504 61
87 237
342 68
285 249
414 127
268 239
493 81
168 251
126 163
441 307
282 43
270 81
99 275
268 277
231 139
203 171
234 84
443 314
215 69
50 169
322 196
345 158
497 23
452 53
507 284
420 218
511 85
286 96
421 214
46 9
439 93
396 54
493 208
378 30
437 221
287 226
198 265
45 23
218 201
442 262
221 192
392 148
199 193
176 16
268 213
337 143
242 139
411 131
335 222
355 154
268 205
468 264
289 279
300 141
495 217
382 25
53 217
50 2
210 37
414 125
442 109
38 93
292 142
511 20
272 78
152 33
474 46
26 94
196 250
182 251
67 1
316 168
57 6
182 176
314 204
284 273
204 195
177 57
191 262
233 197
103 289
288 153
362 165
204 245
223 184
199 198
443 216
101 313
288 182
186 52
83 7
112 273
229 255
274 175
285 205
100 25
167 36
178 265
421 52
304 221
429 239
16 103
198 46
398 167
133 40
194 270
403 154
48 210
339 214
350 157
439 50
455 207
377 27
412 57
374 218
361 104
445 53
45 23
199 251
219 158
122 50
303 244
296 171
292 176
348 151
403 85
294 220
320 305
395 172
363 158
266 79
102 30
218 255
459 270
110 25
475 45
79 2
285 226
297 191
465 280
261 217
415 165
156 232
235 187
350 55
187 13
292 260
448 231
166 177
196 24
383 32
456 288
470 265
504 83
202 149
456 253
398 25
432 146
375 36
372 159
195 198
1 263
511 271
467 279
434 263
442 113
493 296
416 133
208 34
297 263
328 209
95 26
93 236
426 149
101 298
505 37
278 207
298 167
185 70
203 277
480 263
415 140
518 19
510 31
278 96
435 239
248 272
340 67
269 274
277 272
206 111
197 203
375 36
262 232
60 238
274 225
316 172
330 203
410 77
191 26
18 105
413 164
319 202
260 225
220 136
362 165
356 171
422 234
353 181
393 141
206 46
284 242
400 137
175 69
296 204
403 197
483 146
407 51
96 306
249 268
279 197
527 36
256 145
489 303
516 31
295 114
437 221
244 276
516 61
278 92
250 209
284 88
271 60
406 65
272 220
54 221
276 273
265 232
153 241
406 76
192 192
259 197
282 230
273 104
231 207
456 143
256 204
503 66
242 268
514 68
157 175
191 267
1 176
83 136
419 179
225 118
489 70
364 24
377 138
219 139
421 182
186 255
397 83
485 241
436 213
481 208
499 27
190 76
209 273
46 208
272 69
375 60
92 239
236 205
408 85
105 37
332 107
248 267
311 183
200 204
515 229
414 18
448 142
516 76
292 161
218 272
306 182
255 156
406 211
509 52
371 300
179 20
531 47
239 253
317 239
285 238
207 176
298 183
298 201
285 43
365 109
98 21
271 246
18 104
527 251
194 23
12 247
433 158
473 29
354 171
365 11
404 165
311 176
420 133
284 229
29 208
239 205
346 145
193 51
304 195
84 224
249 157
407 66
506 248
425 161
204 204
57 186
409 77
419 230
356 172
492 261
303 267
232 109
158 251
36 228
400 148
400 10
231 94
251 249
327 144
231 188
296 132
269 241
103 297
99 32
395 9
85 8
441 227
447 148
178 251
187 250
98 32
108 265
439 245
37 241
453 288
277 247
437 230
516 214
286 39
216 247
259 123
403 33
385 20
498 74
248 84
379 162
390 62
198 271
416 203
55 236
195 189
216 108
522 262
322 82
342 53
305 195
293 140
294 123
341 304
222 182
423 221
225 181
424 232
391 194
56 7
426 226
442 60
238 100
283 252
307 199
212 162
413 56
67 1
438 279
409 63
94 242
103 248
108 168
251 191
203 261
421 128
472 85
443 88
46 14
134 54
509 292
301 244
425 198
269 62
377 125
352 152
2 315
243 206
484 271
347 155
492 150
172 252
37 247
258 85
458 144
329 304
309 168
436 100
195 54
253 274
518 50
437 168
393 21
443 273
330 105
429 251
403 84
211 16
488 30
250 210
313 303
96 271
189 54
197 59
337 145
372 171
213 121
500 83
144 71
437 209
182 170
226 248
266 283
221 159
281 222
476 280
153 169
323 231
408 136
316 162
148 252
477 202
396 66
58 215
223 213
527 52
170 174
365 30
158 37
520 43
335 301
221 158
259 142
170 50
433 237
203 116
390 32
503 10
216 270
354 56
299 254
387 67
301 136
420 187
499 11
289 269
442 312
258 122
38 211
94 32
315 175
211 184
208 59
365 32
86 138
208 42
294 160
406 147
252 134
91 239
237 161
194 200
411 66
456 282
362 303
229 256
451 138
415 158
368 49
349 17
210 173
270 69
376 12
483 150
315 245
376 35
482 255
86 12
346 159
64 219
296 241
389 27
55 12
297 278
487 80
456 247
369 176
204 185
277 253
259 217
243 204
312 239
484 149
379 61
200 208
357 313
448 245
225 207
466 265
335 171
388 125
233 106
281 36
241 266
380 169
98 28
360 112
413 18
423 163
324 247
322 83
312 137
305 222
209 16
69 227
408 86
190 165
205 67
403 58
195 172
378 128
374 28
421 137
203 32
430 218
343 141
212 23
332 302
383 44
213 191
231 210
441 234
399 29
184 172
299 274
107 295
458 262
260 198
300 273
283 220
177 68
303 247
266 155
189 43
238 168
231 249
207 191
198 11
385 127
372 146
294 250
212 111
280 77
423 142
305 160
194 111
383 73
191 190
176 12
281 76
339 149
267 311
292 244
266 221
396 33
189 10
260 238
218 166
424 132
386 34
512 57
287 169
159 305
183 22
423 226
314 223
260 225
437 273
522 44
115 182
138 55
505 215
331 102
260 204
178 258
447 47
496 26
212 213
75 231
184 244
337 152
468 52
398 63
408 75
219 258
418 140
210 110
184 42
180 251
183 39
263 208
205 40
508 299
481 212
85 234
292 263
205 42
130 203
37 219
509 219
514 30
453 272
101 315
299 242
317 85
284 224
203 174
329 92
285 44
60 187
234 170
385 18
39 166
533 235
472 135
376 40
269 121
26 96
267 85
470 264
407 81
448 166
218 214
203 174
154 43
163 226
468 126
443 309
301 277
309 140
388 157
516 18
449 122
223 188
429 210
33 232
303 148
13 43
453 238
381 155
281 282
204 200
226 103
228 185
126 173
263 86
204 34
53 190
276 162
293 252
346 151
205 54
54 227
434 228
287 194
387 133
299 251
191 270
309 127
270 193
285 120
329 150
295 223
40 235
186 58
322 70
504 14
200 141
120 48
300 220
45 197
392 23
414 223
344 56
479 147
353 15
161 241
497 76
193 266
298 177
107 288
265 247
303 215
371 38
75 10
62 224
82 13
218 207
480 253
412 201
449 125
293 232
202 5
1 259
21 238
361 61
176 14
380 21
379 132
236 96
307 164
201 15
198 278
260 150
182 33
349 138
315 245
208 256
233 149
307 170
51 219
297 229
288 113
187 273
446 160
439 246
219 249
260 129
372 51
166 313
194 274
382 166
319 180
212 152
263 270
27 221
226 106
265 228
414 160
39 239
369 24
299 174
390 56
213 186
244 136
420 226
305 216
206 46
290 237
416 229
267 246
230 125
436 282
173 239
441 275
423 245
205 250
464 258
201 0
246 229
409 140
367 165
256 216
426 222
200 166
480 58
255 195
133 157
411 66
444 164
364 40
292 110
253 132
241 142
384 126
264 234
437 114
433 49
432 255
503 32
265 305
138 186
286 104
424 163
171 311
298 172
172 256
323 207
430 200
203 268
142 181
239 109
18 104
271 224
349 147
236 171
213 192
439 236
368 51
414 205
302 151
485 262
253 189
477 239
184 165
453 138
317 181
200 203
448 46
384 136
429 214
459 125
223 158
403 16
18 89
482 314
276 211
509 220
205 249
229 258
21 96
146 188
490 263
371 35
37 97
234 149
189 12
160 35
365 53
440 257
438 211
426 134
209 191
505 12
223 198
97 32
259 134
249 230
230 202
194 206
408 174
177 273
415 189
477 53
55 220
502 310
292 38
244 268
43 216
84 15
273 274
507 307
383 164
226 210
398 30
96 307
223 178
297 187
418 214
379 135
401 20
468 270
208 46
13 90
192 34
197 41
35 4
388 176
216 199
205 39
352 172
198 257
487 25
279 188
198 110
319 214
471 50
36 11
252 243
233 192
288 193
433 203
267 259
193 199
255 193
453 261
250 134
361 115
90 227
202 113
184 5
532 236
263 204
368 16
407 86
226 121
251 269
254 217
498 76
154 32
511 5
488 263
277 288
403 211
312 312
43 243
284 94
428 142
406 67
214 32
105 52
270 60
431 219
244 136
210 129
369 30
529 18
393 136
302 128
298 159
371 116
229 196
395 182
208 252
308 309
347 54
414 207
414 137
274 279
105 72
453 230
247 130
411 62
243 146
267 227
185 47
226 186
299 268
250 206
70 165
65 20
279 38
386 81
193 271
293 103
212 189
508 71
310 254
355 180
386 25
231 185
151 182
216 114
319 227
215 198
244 170
309 126
213 204
465 292
243 140
303 228
509 292
503 310
202 49
204 20
460 124
509 82
95 263
325 201
408 160
489 222
61 0
408 65
201 2
318 198
252 303
308 199
56 8
492 16
510 75
393 173
279 81
368 24
298 118
216 118
272 297
386 159
420 185
383 133
454 166
49 239
381 8
485 268
527 46
206 30
40 10
331 49
210 268
522 267
164 231
204 165
379 138
467 260
204 169
417 87
326 187
322 195
188 255
480 288
435 105
220 154
256 133
387 184
305 265
174 246
127 289
265 236
215 164
451 118
264 238
506 54
189 21
201 205
9 232
509 15
200 246
438 127
327 217
152 188
504 25
330 107
211 178
270 180
479 42
198 63
446 239
233 153
92 237
418 125
449 148
205 152
322 314
271 38
295 271
239 192
482 25
293 144
508 54
285 121
322 211
244 159
469 123
213 163
316 163
208 154
299 190
506 28
232 99
51 3
482 39
284 264
454 47
514 32
140 114
118 288
506 68
511 63
394 131
509 254
422 222
239 206
206 173
423 216
185 60
465 262
182 176
327 306
419 239
218 159
466 51
531 16
257 255
205 123
289 278
276 222
319 291
217 10
435 224
529 299
255 206
93 14
158 248
188 35
196 188
33 137
336 92
265 76
163 252
225 17
385 132
467 141
255 249
1 260
324 216
410 83
202 18
291 200
326 145
181 53
209 37
202 54
529 23
117 43
219 159
317 170
207 5
252 89
202 153
276 35
273 120
505 298
479 60
78 32
449 41
494 18
473 258
365 104
100 120
453 158
292 138
278 244
274 251
204 9
93 235
301 242
353 141
227 106
400 132
469 37
230 205
182 240
445 229
497 220
434 57
196 284
84 138
436 97
202 188
281 220
374 223
438 211
262 192
457 263
433 263
323 145
111 182
422 214
301 147
183 276
191 56
252 221
209 199
185 70
444 233
125 47
295 245
510 70
452 270
211 10
228 195
203 47
324 292
461 266
437 298
339 304
304 168
215 234
41 242
216 255
218 248
144 177
287 261
364 188
379 59
204 149
303 271
509 274
208 123
85 31
406 83
193 275
226 112
112 26
199 17
208 197
93 251
194 263
204 260
120 308
453 166
422 50
507 88
457 124
216 260
256 150
316 238
263 121
334 60
233 83
230 114
505 228
201 108
201 146
496 81
89 24
496 223
106 229
259 277
331 178
339 57
465 292
199 63
418 216
399 156
327 57
302 151
199 63
148 184
415 92
44 4
393 21
315 183
396 66
209 268
61 13
484 88
426 198
295 226
312 194
395 182
241 146
207 9
203 272
200 27
277 243
150 161
477 40
236 165
280 92
224 171
336 56
75 138
283 97
407 34
153 239
277 230
107 309
66 217
527 48
183 36
440 91
135 165
205 13
171 58
446 134
406 182
155 176
402 70
204 155
337 200
400 20
271 120
389 38
43 14
147 167
180 266
181 272
18 237
258 146
177 7
408 199
113 296
132 51
287 179
19 48
192 190
24 97
286 113
374 30
241 150
279 249
273 119
502 224
214 32
310 244
486 275
248 137
214 204
33 0
233 114
419 238
491 71
252 311
382 69
86 288
76 224
262 219
281 218
467 297
133 162
417 234
256 310
403 196
121 280
466 274
417 250
259 225
241 157
333 147
414 79
198 158
93 4
464 296
498 21
287 155
347 149
261 283
257 158
479 300
390 137
205 184
135 55
439 255
281 264
245 260
188 124
473 260
394 79
393 23
48 162
241 131
327 217
265 302
256 203
350 177
184 42
186 285
206 264
180 279
532 50
352 174
235 206
429 235
477 35
58 215
475 268
172 250
224 196
391 134
205 116
486 254
281 235
201 272
218 205
273 178
212 201
284 43
329 190
486 25
206 64
422 239
163 252
199 61
189 83
499 146
219 181
204 36
179 257
48 204
101 245
451 243
458 125
293 153
234 138
243 313
233 203
211 113
292 166
187 255
387 178
176 62
451 287
515 60
392 32
390 25
207 257
385 146
405 141
143 105
199 178
361 104
287 227
294 102
38 111
173 17
363 111
292 164
510 53
283 257
282 116
398 17
180 247
74 8
216 23
211 177
87 140
192 269
380 132
40 20
460 281
84 288
422 82
214 268
462 281
198 18
191 47
205 30
278 101
246 136
439 107
473 282
245 274
250 206
26 111
311 204
204 190
479 254
182 310
270 226
381 16
527 280
406 137
246 149
512 312
49 232
263 241
488 146
217 149
102 233
45 10
388 82
207 183
36 219
270 244
250 248
327 221
317 301
113 298
55 10
355 13
250 146
209 192
242 156
191 44
399 163
202 266
187 9
26 105
394 139
1 209
278 121
177 13
160 247
207 111
176 276
326 220
112 131
246 127
208 109
107 21
20 123
143 70
263 216
362 292
229 190
197 262
211 19
247 147
391 81
260 67
505 26
504 230
486 273
307 202
498 20
50 221
206 143
22 135
490 303
199 145
280 200
335 169
509 34
179 18
222 132
291 245
294 190
224 155
462 254
489 303
505 31
401 182
323 213
403 62
462 256
225 151
261 236
291 187
103 17
234 141
217 191
255 125
479 252
340 172
195 188
438 305
184 244
321 312
256 138
243 144
422 286
190 256
148 98
229 191
189 274
104 39
252 200
222 198
91 19
194 44
255 243
359 12
358 154
267 222
187 2
82 239
319 75
443 273
427 140
47 230
340 67
197 50
439 51
299 276
488 74
391 62
457 43
402 24
435 91
353 152
409 141
316 178
531 54
338 102
374 25
373 176
473 275
494 73
98 299
301 261
403 179
400 70
122 185
309 218
178 44
525 62
489 292
292 93
184 18
75 227
375 59
106 231
340 158
183 303
164 175
231 100
380 132
388 134
182 175
336 315
455 260
283 177
341 104
286 45
180 280
345 183
280 37
372 115
264 202
332 138
504 308
269 81
299 54
419 230
229 187
407 137
519 231
423 200
439 95
112 272
392 83
42 19
300 195
400 56
381 42
91 243
457 249
510 24
416 169
93 237
335 203
378 45
268 205
218 7
220 258
443 290
366 53
495 35
275 98
97 232
198 269
335 157
328 135
513 38
407 165
308 150
65 16
353 171
220 213
287 226
465 36
14 44
296 143
240 244
447 228
211 150
103 290
379 21
378 169
114 302
511 68
365 160
211 117
436 207
372 160
178 40
289 94
291 38
503 16
424 197
305 185
437 210
338 212
202 19
422 243
70 23
401 179
366 189
245 171
45 15
432 133
142 116
202 176
467 254
221 178
210 41
309 251
198 199
98 229
280 94
98 278
451 235
406 77
92 138
272 79
333 189
349 58
255 241
324 199
118 42
116 289
507 54
312 202
395 168
273 288
297 157
178 8
388 176
455 298
248 154
230 166
228 252
281 166
39 19
292 247
199 65
236 164
303 184
281 40
356 53
23 237
95 233
201 251
236 144
400 131
438 237
200 160
271 251
197 253
478 39
510 240
282 105
427 210
119 258
245 167
484 147
426 134
502 304
223 273
430 221
465 39
180 263
153 238
246 243
295 237
239 159
296 99
505 62
440 92
96 252
257 208
73 14
266 237
315 60
197 268
272 215
271 206
188 60
240 209
326 72
96 275
345 152
382 68
464 54
259 284
216 234
39 245
388 67
197 56
418 134
227 157
287 105
455 287
100 24
207 279
341 153
202 156
94 226
289 200
185 56
507 308
162 236
442 62
428 151
490 275
90 245
199 58
276 222
299 122
355 162
356 16
502 68
432 218
174 256
463 48
348 156
25 223
423 209
196 284
238 150
54 222
417 67
291 227
387 177
500 83
70 23
294 237
339 213
316 304
296 209
331 49
430 127
55 8
261 126
179 266
418 52
101 309
59 1
293 218
398 48
222 8
297 178
100 297
156 232
235 175
442 60
126 187
486 291
194 30
311 173
226 154
404 211
488 155
362 167
479 60
508 25
257 278
272 69
403 206
417 67
298 277
228 199
254 248
203 27
435 122
407 210
490 146
158 175
239 256
243 212
428 12
256 213
439 106
410 139
296 201
247 169
414 84
93 14
376 167
205 145
515 23
98 228
122 56
317 302
330 139
317 146
277 42
387 18
349 161
281 221
451 254
225 167
271 214
448 33
270 215
392 20
387 13
189 21
489 278
44 225
2 253
50 22
227 252
233 212
220 194
119 265
270 94
467 53
383 17
214 267
283 253
17 44
29 3
294 193
236 171
411 182
432 162
227 182
212 143
228 187
456 85
454 209
304 183
288 246
424 140
196 283
200 153
438 226
56 15
209 57
212 232
256 68
256 271
410 23
0 311
209 10
457 268
38 19
425 217
169 68
197 140
327 135
391 170
353 180
221 125
311 197
99 298
282 265
237 111
266 190
371 130
99 313
380 34
374 28
458 144
449 218
61 206
288 210
285 262
155 253
233 190
302 191
64 172
38 0
357 313
211 194
222 183
114 87
275 102
237 102
219 202
237 210
495 87
209 268
192 267
220 136
201 168
504 64
306 207
203 171
424 201
284 219
43 212
231 139
274 118
270 203
189 254
474 136
356 183
44 235
193 47
164 245
476 34
402 57
335 211
422 51
513 65
214 250
155 244
113 297
333 157
188 37
479 258
206 268
82 1
137 184
394 148
214 115
200 173
298 143
235 197
157 311
457 219
532 61
181 248
404 23
194 65
374 15
506 18
507 61
261 133
291 195
313 192
264 78
331 147
440 216
461 139
337 151
334 301
382 133
271 74
37 16
309 218
481 252
200 14
202 45
256 68
479 302
302 155
257 205
429 245
199 261
279 189
259 237
193 30
380 181
509 303
256 232
276 211
206 31
280 262
441 208
209 42
290 179
139 185
290 250
437 108
519 33
298 217
294 124
512 60
187 54
497 218
518 57
169 68
209 111
113 34
295 108
266 194
460 229
199 255
197 62
301 186
267 270
284 38
227 253
294 191
379 178
465 251
222 250
429 241
29 27
327 141
177 276
201 271
428 216
390 9
437 215
485 30
441 124
529 56
195 158
527 59
210 281
414 129
52 210
377 187
321 202
39 245
327 62
439 224
392 203
445 60
227 252
264 220
531 50
333 159
458 49
381 16
349 96
399 65
223 202
236 96
235 188
209 111
300 232
368 34
224 84
221 194
417 183
197 35
267 198
183 167
212 144
163 250
181 48
360 169
256 150
324 147
109 275
190 184
284 237
386 178
280 272
211 44
328 218
481 37
410 188
293 274
76 225
458 282
49 28
91 230
86 229
390 51
408 152
285 42
90 18
526 52
320 180
313 165
227 258
517 44
243 313
384 16
279 41
424 226
182 52
381 19
341 156
227 173
261 135
391 133
185 54
461 259
257 232
297 191
225 207
385 38
127 60
20 40
237 272
492 217
481 33
290 196
222 115
212 204
506 58
280 201
424 129
289 187
249 271
461 263
186 282
220 146
289 249
327 201
233 162
391 155
400 130
461 54
394 31
274 198
341 174
289 270
184 253
178 44
278 237
399 22
312 52
197 284
185 281
441 291
436 222
296 228
233 111
57 220
211 126
318 257
222 171
445 45
63 220
183 34
298 211
348 147
338 182
395 194
192 249
309 204
479 302
327 216
240 166
269 221
272 226
304 196
281 92
396 11
225 148
147 179
246 171
391 179
346 146
427 131
358 161
105 295
456 93
177 24
320 246
415 138
211 51
293 186
192 153
271 117
222 45
399 138
282 258
533 261
215 194
503 63
508 294
449 264
435 217
201 152
119 258
103 275
268 88
258 197
301 263
278 287
41 241
352 170
163 34
230 205
185 66
503 13
443 310
462 121
294 241
343 93
285 204
327 215
266 222
405 26
468 48
304 210
447 117
487 262
347 143
0 210
63 229
286 246
154 64
415 94
258 309
474 254
480 259
199 17
315 251
232 250
258 268
332 55
193 27
230 189
194 188
212 201
332 300
163 229
513 285
344 165
294 147
190 179
399 17
265 207
171 254
203 178
312 147
283 78
116 289
398 136
204 276
315 83
217 170
86 142
318 187
443 100
229 259
299 181
237 103
206 110
319 64
384 33
12 39
402 34
229 183
423 130
178 275
359 168
37 229
262 212
422 247
178 24
40 10
371 23
408 90
194 174
208 54
221 277
395 147
200 145
505 14
457 236
464 48
285 85
217 194
416 225
154 306
366 300
151 171
313 243
349 58
89 135
283 177
225 149
255 136
105 42
463 125
298 126
256 150
266 172
281 70
387 12
246 171
227 155
317 160
387 31
317 187
448 127
432 133
161 22
240 117
364 22
111 35
280 274
208 267
249 204
308 149
273 315
327 315
91 31
337 59
401 130
456 126
227 208
13 92
161 251
489 205
375 36
87 17
208 254
397 78
383 26
229 200
376 233
191 59
260 193
379 17
516 12
109 6
275 221
451 264
302 269
483 89
217 274
210 204
413 176
190 64
271 288
228 272
381 36
74 225
261 61
158 177
209 120
218 206
0 256
295 246
265 224
278 221
228 195
310 306
83 288
482 231
441 225
81 231
63 1
436 232
441 88
136 162
14 44
423 217
91 24
231 133
174 61
412 183
150 186
150 69
260 210
318 301
218 183
194 163
266 272
215 174
269 89
511 68
311 207
244 136
492 26
474 271
205 180
364 167
257 251
255 200
279 111
477 259
383 130
116 82
280 94
197 199
15 118
212 6
303 150
269 200
498 219
213 155
108 168
471 136
274 270
522 270
457 264
156 242
237 209
182 21
349 161
237 104
271 281
63 175
214 210
387 182
268 98
232 122
144 179
211 149
325 204
165 245
500 86
38 226
501 210
101 284
211 266
290 112
33 227
467 241
278 248
211 231
469 269
407 144
43 217
88 19
266 241
393 77
209 260
271 282
237 204
179 310
510 56
438 307
512 35
352 144
487 262
354 60
392 83
290 166
402 51
277 209
88 19
307 238
375 181
82 239
298 190
423 232
391 164
180 312
316 205
326 142
19 104
20 129
387 20
259 238
212 155
313 161
277 250
428 143
363 33
101 20
198 206
190 29
468 192
302 124
202 6
181 1
149 172
373 183
390 176
436 137
100 34
236 144
294 258
384 131
220 205
160 245
463 290
422 220
352 53
218 193
389 160
1 213
320 220
394 140
390 213
137 194
43 245
508 66
156 256
322 207
295 229
430 121
263 92
302 124
498 147
207 71
163 253
376 190
98 32
443 312
191 265
503 228
429 209
397 67
396 60
204 263
